{
 "cells": [
  {
   "cell_type": "markdown",
   "metadata": {},
   "source": [
    "# Determine how risk of coup in African countries has changed over time."
   ]
  },
  {
   "cell_type": "markdown",
   "metadata": {},
   "source": [
    "*The question you will be answering for this video is to determine whether the risk of coup in African countries has changed over time. To do so, you will utilize the repeated measures ANOVA!*\n",
    "\n",
    "*In order to do this, you will need a few different libraries. rcompanion, to do any data transformations, car to run the tests for homogeneity of variance, and dplyr, for looking at the means if you find signifciance.*"
   ]
  },
  {
   "cell_type": "markdown",
   "metadata": {},
   "source": [
    "## Load libraries"
   ]
  },
  {
   "cell_type": "code",
   "execution_count": 32,
   "metadata": {},
   "outputs": [
    {
     "name": "stderr",
     "output_type": "stream",
     "text": [
      "\n",
      "Attaching package: 'dplyr'\n",
      "\n",
      "The following object is masked from 'package:car':\n",
      "\n",
      "    recode\n",
      "\n",
      "The following objects are masked from 'package:stats':\n",
      "\n",
      "    filter, lag\n",
      "\n",
      "The following objects are masked from 'package:base':\n",
      "\n",
      "    intersect, setdiff, setequal, union\n",
      "\n"
     ]
    }
   ],
   "source": [
    "library(\"rcompanion\")\n",
    "library(\"car\")\n",
    "library(\"dplyr\")"
   ]
  },
  {
   "cell_type": "code",
   "execution_count": 9,
   "metadata": {},
   "outputs": [],
   "source": [
    "coups <- read.csv(\"C://Users/meredith.dodd/Documents/Data Science/105 Intermediate Statistics/Lesson 4/african_coups.csv\")"
   ]
  },
  {
   "cell_type": "code",
   "execution_count": 10,
   "metadata": {},
   "outputs": [
    {
     "data": {
      "text/html": [
       "<table>\n",
       "<thead><tr><th scope=col>date</th><th scope=col>country</th><th scope=col>commodities</th><th scope=col>commodities_excl_energy</th><th scope=col>energy</th><th scope=col>minerals</th><th scope=col>forestry</th><th scope=col>agriculture</th><th scope=col>fish</th><th scope=col>age</th><th scope=col>...</th><th scope=col>loss</th><th scope=col>irregular</th><th scope=col>prev_conflict</th><th scope=col>pt_suc</th><th scope=col>pt_attempt</th><th scope=col>precip</th><th scope=col>global_policy_uncertainty_current</th><th scope=col>couprisk</th><th scope=col>pctile_risk</th><th scope=col>relative_risk_classification</th></tr></thead>\n",
       "<tbody>\n",
       "\t<tr><td>1/1/1997     </td><td>Angola       </td><td>313.45       </td><td>254.08       </td><td>609.35       </td><td>285.31       </td><td>341.36       </td><td>170.16       </td><td>870.14       </td><td>55           </td><td>...          </td><td>5.545177     </td><td>3.970292     </td><td>1            </td><td>0            </td><td>0            </td><td>-0.41474915  </td><td>79.9359      </td><td>0.001705101  </td><td>0.7225125    </td><td>High         </td></tr>\n",
       "\t<tr><td>1/1/1997     </td><td>Algeria      </td><td>313.45       </td><td>254.08       </td><td>609.35       </td><td>285.31       </td><td>341.36       </td><td>170.16       </td><td>870.14       </td><td>56           </td><td>...          </td><td>4.564348     </td><td>2.708050     </td><td>1            </td><td>0            </td><td>0            </td><td> 0.70164311  </td><td>79.9359      </td><td>0.001822458  </td><td>0.7359829    </td><td>High         </td></tr>\n",
       "\t<tr><td>1/1/1997     </td><td>South Africa </td><td>313.45       </td><td>254.08       </td><td>609.35       </td><td>285.31       </td><td>341.36       </td><td>170.16       </td><td>870.14       </td><td>79           </td><td>...          </td><td>3.526361     </td><td>3.526361     </td><td>0            </td><td>0            </td><td>0            </td><td> 0.98816890  </td><td>79.9359      </td><td>0.001837309  </td><td>0.7371534    </td><td>High         </td></tr>\n",
       "\t<tr><td>1/1/1997     </td><td>Uganda       </td><td>313.45       </td><td>254.08       </td><td>609.35       </td><td>285.31       </td><td>341.36       </td><td>170.16       </td><td>870.14       </td><td>53           </td><td>...          </td><td>5.267858     </td><td>2.197225     </td><td>1            </td><td>0            </td><td>0            </td><td> 0.07549572  </td><td>79.9359      </td><td>0.001940203  </td><td>0.7469584    </td><td>High         </td></tr>\n",
       "\t<tr><td>1/1/1997     </td><td>Guinea Bissau</td><td>313.45       </td><td>254.08       </td><td>609.35       </td><td>285.31       </td><td>341.36       </td><td>170.16       </td><td>870.14       </td><td>58           </td><td>...          </td><td>5.272999     </td><td>3.401197     </td><td>0            </td><td>0            </td><td>0            </td><td> 0.04635003  </td><td>79.9359      </td><td>0.002256377  </td><td>0.7715377    </td><td>High         </td></tr>\n",
       "\t<tr><td>1/1/1997     </td><td>Liberia      </td><td>313.45       </td><td>254.08       </td><td>609.35       </td><td>285.31       </td><td>341.36       </td><td>170.16       </td><td>870.14       </td><td>58           </td><td>...          </td><td>4.343805     </td><td>4.343805     </td><td>0            </td><td>0            </td><td>0            </td><td>-0.27843896  </td><td>79.9359      </td><td>0.002272123  </td><td>0.7725644    </td><td>High         </td></tr>\n",
       "</tbody>\n",
       "</table>\n"
      ],
      "text/latex": [
       "\\begin{tabular}{r|lllllllllllllllllllllllllllllllllllllllllll}\n",
       " date & country & commodities & commodities\\_excl\\_energy & energy & minerals & forestry & agriculture & fish & age & ... & loss & irregular & prev\\_conflict & pt\\_suc & pt\\_attempt & precip & global\\_policy\\_uncertainty\\_current & couprisk & pctile\\_risk & relative\\_risk\\_classification\\\\\n",
       "\\hline\n",
       "\t 1/1/1997      & Angola        & 313.45        & 254.08        & 609.35        & 285.31        & 341.36        & 170.16        & 870.14        & 55            & ...           & 5.545177      & 3.970292      & 1             & 0             & 0             & -0.41474915   & 79.9359       & 0.001705101   & 0.7225125     & High         \\\\\n",
       "\t 1/1/1997      & Algeria       & 313.45        & 254.08        & 609.35        & 285.31        & 341.36        & 170.16        & 870.14        & 56            & ...           & 4.564348      & 2.708050      & 1             & 0             & 0             &  0.70164311   & 79.9359       & 0.001822458   & 0.7359829     & High         \\\\\n",
       "\t 1/1/1997      & South Africa  & 313.45        & 254.08        & 609.35        & 285.31        & 341.36        & 170.16        & 870.14        & 79            & ...           & 3.526361      & 3.526361      & 0             & 0             & 0             &  0.98816890   & 79.9359       & 0.001837309   & 0.7371534     & High         \\\\\n",
       "\t 1/1/1997      & Uganda        & 313.45        & 254.08        & 609.35        & 285.31        & 341.36        & 170.16        & 870.14        & 53            & ...           & 5.267858      & 2.197225      & 1             & 0             & 0             &  0.07549572   & 79.9359       & 0.001940203   & 0.7469584     & High         \\\\\n",
       "\t 1/1/1997      & Guinea Bissau & 313.45        & 254.08        & 609.35        & 285.31        & 341.36        & 170.16        & 870.14        & 58            & ...           & 5.272999      & 3.401197      & 0             & 0             & 0             &  0.04635003   & 79.9359       & 0.002256377   & 0.7715377     & High         \\\\\n",
       "\t 1/1/1997      & Liberia       & 313.45        & 254.08        & 609.35        & 285.31        & 341.36        & 170.16        & 870.14        & 58            & ...           & 4.343805      & 4.343805      & 0             & 0             & 0             & -0.27843896   & 79.9359       & 0.002272123   & 0.7725644     & High         \\\\\n",
       "\\end{tabular}\n"
      ],
      "text/markdown": [
       "\n",
       "date | country | commodities | commodities_excl_energy | energy | minerals | forestry | agriculture | fish | age | ... | loss | irregular | prev_conflict | pt_suc | pt_attempt | precip | global_policy_uncertainty_current | couprisk | pctile_risk | relative_risk_classification | \n",
       "|---|---|---|---|---|---|\n",
       "| 1/1/1997      | Angola        | 313.45        | 254.08        | 609.35        | 285.31        | 341.36        | 170.16        | 870.14        | 55            | ...           | 5.545177      | 3.970292      | 1             | 0             | 0             | -0.41474915   | 79.9359       | 0.001705101   | 0.7225125     | High          | \n",
       "| 1/1/1997      | Algeria       | 313.45        | 254.08        | 609.35        | 285.31        | 341.36        | 170.16        | 870.14        | 56            | ...           | 4.564348      | 2.708050      | 1             | 0             | 0             |  0.70164311   | 79.9359       | 0.001822458   | 0.7359829     | High          | \n",
       "| 1/1/1997      | South Africa  | 313.45        | 254.08        | 609.35        | 285.31        | 341.36        | 170.16        | 870.14        | 79            | ...           | 3.526361      | 3.526361      | 0             | 0             | 0             |  0.98816890   | 79.9359       | 0.001837309   | 0.7371534     | High          | \n",
       "| 1/1/1997      | Uganda        | 313.45        | 254.08        | 609.35        | 285.31        | 341.36        | 170.16        | 870.14        | 53            | ...           | 5.267858      | 2.197225      | 1             | 0             | 0             |  0.07549572   | 79.9359       | 0.001940203   | 0.7469584     | High          | \n",
       "| 1/1/1997      | Guinea Bissau | 313.45        | 254.08        | 609.35        | 285.31        | 341.36        | 170.16        | 870.14        | 58            | ...           | 5.272999      | 3.401197      | 0             | 0             | 0             |  0.04635003   | 79.9359       | 0.002256377   | 0.7715377     | High          | \n",
       "| 1/1/1997      | Liberia       | 313.45        | 254.08        | 609.35        | 285.31        | 341.36        | 170.16        | 870.14        | 58            | ...           | 4.343805      | 4.343805      | 0             | 0             | 0             | -0.27843896   | 79.9359       | 0.002272123   | 0.7725644     | High          | \n",
       "\n",
       "\n"
      ],
      "text/plain": [
       "  date     country       commodities commodities_excl_energy energy minerals\n",
       "1 1/1/1997 Angola        313.45      254.08                  609.35 285.31  \n",
       "2 1/1/1997 Algeria       313.45      254.08                  609.35 285.31  \n",
       "3 1/1/1997 South Africa  313.45      254.08                  609.35 285.31  \n",
       "4 1/1/1997 Uganda        313.45      254.08                  609.35 285.31  \n",
       "5 1/1/1997 Guinea Bissau 313.45      254.08                  609.35 285.31  \n",
       "6 1/1/1997 Liberia       313.45      254.08                  609.35 285.31  \n",
       "  forestry agriculture fish   age ... loss     irregular prev_conflict pt_suc\n",
       "1 341.36   170.16      870.14 55  ... 5.545177 3.970292  1             0     \n",
       "2 341.36   170.16      870.14 56  ... 4.564348 2.708050  1             0     \n",
       "3 341.36   170.16      870.14 79  ... 3.526361 3.526361  0             0     \n",
       "4 341.36   170.16      870.14 53  ... 5.267858 2.197225  1             0     \n",
       "5 341.36   170.16      870.14 58  ... 5.272999 3.401197  0             0     \n",
       "6 341.36   170.16      870.14 58  ... 4.343805 4.343805  0             0     \n",
       "  pt_attempt precip      global_policy_uncertainty_current couprisk   \n",
       "1 0          -0.41474915 79.9359                           0.001705101\n",
       "2 0           0.70164311 79.9359                           0.001822458\n",
       "3 0           0.98816890 79.9359                           0.001837309\n",
       "4 0           0.07549572 79.9359                           0.001940203\n",
       "5 0           0.04635003 79.9359                           0.002256377\n",
       "6 0          -0.27843896 79.9359                           0.002272123\n",
       "  pctile_risk relative_risk_classification\n",
       "1 0.7225125   High                        \n",
       "2 0.7359829   High                        \n",
       "3 0.7371534   High                        \n",
       "4 0.7469584   High                        \n",
       "5 0.7715377   High                        \n",
       "6 0.7725644   High                        "
      ]
     },
     "metadata": {},
     "output_type": "display_data"
    }
   ],
   "source": [
    "head(coups)"
   ]
  },
  {
   "cell_type": "markdown",
   "metadata": {},
   "source": [
    "## Data Wrangling"
   ]
  },
  {
   "cell_type": "markdown",
   "metadata": {},
   "source": [
    "*Since you want to look at things by year, you will need to wrangle your data to pull year out from the date. This involves first transforming the date into a date variable, then pulling year off from it.*\n",
    "\n",
    "*So let's first make year it's own variable.  You need to use the function as.Date, which is built into base R, and specify the format that your data is in.  You want a lowercase m for month as a number, a lowercase d for day as a number, and then a capital Y for a four digit Year. It all needs to be separated out by slashes, since that is how your data orginally reads in.*"
   ]
  },
  {
   "cell_type": "markdown",
   "metadata": {},
   "source": [
    "### Making Year it's own variable"
   ]
  },
  {
   "cell_type": "code",
   "execution_count": 11,
   "metadata": {},
   "outputs": [],
   "source": [
    "coups$date <- as.Date(coups$date, \"%m/%d/%Y\")"
   ]
  },
  {
   "cell_type": "markdown",
   "metadata": {},
   "source": [
    "*go ahead and peek to make sure that came in right.*"
   ]
  },
  {
   "cell_type": "code",
   "execution_count": 12,
   "metadata": {},
   "outputs": [
    {
     "data": {
      "text/html": [
       "<table>\n",
       "<thead><tr><th scope=col>date</th><th scope=col>country</th><th scope=col>commodities</th><th scope=col>commodities_excl_energy</th><th scope=col>energy</th><th scope=col>minerals</th><th scope=col>forestry</th><th scope=col>agriculture</th><th scope=col>fish</th><th scope=col>age</th><th scope=col>...</th><th scope=col>loss</th><th scope=col>irregular</th><th scope=col>prev_conflict</th><th scope=col>pt_suc</th><th scope=col>pt_attempt</th><th scope=col>precip</th><th scope=col>global_policy_uncertainty_current</th><th scope=col>couprisk</th><th scope=col>pctile_risk</th><th scope=col>relative_risk_classification</th></tr></thead>\n",
       "<tbody>\n",
       "\t<tr><td>1997-01-01   </td><td>Angola       </td><td>313.45       </td><td>254.08       </td><td>609.35       </td><td>285.31       </td><td>341.36       </td><td>170.16       </td><td>870.14       </td><td>55           </td><td>...          </td><td>5.545177     </td><td>3.970292     </td><td>1            </td><td>0            </td><td>0            </td><td>-0.41474915  </td><td>79.9359      </td><td>0.001705101  </td><td>0.7225125    </td><td>High         </td></tr>\n",
       "\t<tr><td>1997-01-01   </td><td>Algeria      </td><td>313.45       </td><td>254.08       </td><td>609.35       </td><td>285.31       </td><td>341.36       </td><td>170.16       </td><td>870.14       </td><td>56           </td><td>...          </td><td>4.564348     </td><td>2.708050     </td><td>1            </td><td>0            </td><td>0            </td><td> 0.70164311  </td><td>79.9359      </td><td>0.001822458  </td><td>0.7359829    </td><td>High         </td></tr>\n",
       "\t<tr><td>1997-01-01   </td><td>South Africa </td><td>313.45       </td><td>254.08       </td><td>609.35       </td><td>285.31       </td><td>341.36       </td><td>170.16       </td><td>870.14       </td><td>79           </td><td>...          </td><td>3.526361     </td><td>3.526361     </td><td>0            </td><td>0            </td><td>0            </td><td> 0.98816890  </td><td>79.9359      </td><td>0.001837309  </td><td>0.7371534    </td><td>High         </td></tr>\n",
       "\t<tr><td>1997-01-01   </td><td>Uganda       </td><td>313.45       </td><td>254.08       </td><td>609.35       </td><td>285.31       </td><td>341.36       </td><td>170.16       </td><td>870.14       </td><td>53           </td><td>...          </td><td>5.267858     </td><td>2.197225     </td><td>1            </td><td>0            </td><td>0            </td><td> 0.07549572  </td><td>79.9359      </td><td>0.001940203  </td><td>0.7469584    </td><td>High         </td></tr>\n",
       "\t<tr><td>1997-01-01   </td><td>Guinea Bissau</td><td>313.45       </td><td>254.08       </td><td>609.35       </td><td>285.31       </td><td>341.36       </td><td>170.16       </td><td>870.14       </td><td>58           </td><td>...          </td><td>5.272999     </td><td>3.401197     </td><td>0            </td><td>0            </td><td>0            </td><td> 0.04635003  </td><td>79.9359      </td><td>0.002256377  </td><td>0.7715377    </td><td>High         </td></tr>\n",
       "\t<tr><td>1997-01-01   </td><td>Liberia      </td><td>313.45       </td><td>254.08       </td><td>609.35       </td><td>285.31       </td><td>341.36       </td><td>170.16       </td><td>870.14       </td><td>58           </td><td>...          </td><td>4.343805     </td><td>4.343805     </td><td>0            </td><td>0            </td><td>0            </td><td>-0.27843896  </td><td>79.9359      </td><td>0.002272123  </td><td>0.7725644    </td><td>High         </td></tr>\n",
       "</tbody>\n",
       "</table>\n"
      ],
      "text/latex": [
       "\\begin{tabular}{r|lllllllllllllllllllllllllllllllllllllllllll}\n",
       " date & country & commodities & commodities\\_excl\\_energy & energy & minerals & forestry & agriculture & fish & age & ... & loss & irregular & prev\\_conflict & pt\\_suc & pt\\_attempt & precip & global\\_policy\\_uncertainty\\_current & couprisk & pctile\\_risk & relative\\_risk\\_classification\\\\\n",
       "\\hline\n",
       "\t 1997-01-01    & Angola        & 313.45        & 254.08        & 609.35        & 285.31        & 341.36        & 170.16        & 870.14        & 55            & ...           & 5.545177      & 3.970292      & 1             & 0             & 0             & -0.41474915   & 79.9359       & 0.001705101   & 0.7225125     & High         \\\\\n",
       "\t 1997-01-01    & Algeria       & 313.45        & 254.08        & 609.35        & 285.31        & 341.36        & 170.16        & 870.14        & 56            & ...           & 4.564348      & 2.708050      & 1             & 0             & 0             &  0.70164311   & 79.9359       & 0.001822458   & 0.7359829     & High         \\\\\n",
       "\t 1997-01-01    & South Africa  & 313.45        & 254.08        & 609.35        & 285.31        & 341.36        & 170.16        & 870.14        & 79            & ...           & 3.526361      & 3.526361      & 0             & 0             & 0             &  0.98816890   & 79.9359       & 0.001837309   & 0.7371534     & High         \\\\\n",
       "\t 1997-01-01    & Uganda        & 313.45        & 254.08        & 609.35        & 285.31        & 341.36        & 170.16        & 870.14        & 53            & ...           & 5.267858      & 2.197225      & 1             & 0             & 0             &  0.07549572   & 79.9359       & 0.001940203   & 0.7469584     & High         \\\\\n",
       "\t 1997-01-01    & Guinea Bissau & 313.45        & 254.08        & 609.35        & 285.31        & 341.36        & 170.16        & 870.14        & 58            & ...           & 5.272999      & 3.401197      & 0             & 0             & 0             &  0.04635003   & 79.9359       & 0.002256377   & 0.7715377     & High         \\\\\n",
       "\t 1997-01-01    & Liberia       & 313.45        & 254.08        & 609.35        & 285.31        & 341.36        & 170.16        & 870.14        & 58            & ...           & 4.343805      & 4.343805      & 0             & 0             & 0             & -0.27843896   & 79.9359       & 0.002272123   & 0.7725644     & High         \\\\\n",
       "\\end{tabular}\n"
      ],
      "text/markdown": [
       "\n",
       "date | country | commodities | commodities_excl_energy | energy | minerals | forestry | agriculture | fish | age | ... | loss | irregular | prev_conflict | pt_suc | pt_attempt | precip | global_policy_uncertainty_current | couprisk | pctile_risk | relative_risk_classification | \n",
       "|---|---|---|---|---|---|\n",
       "| 1997-01-01    | Angola        | 313.45        | 254.08        | 609.35        | 285.31        | 341.36        | 170.16        | 870.14        | 55            | ...           | 5.545177      | 3.970292      | 1             | 0             | 0             | -0.41474915   | 79.9359       | 0.001705101   | 0.7225125     | High          | \n",
       "| 1997-01-01    | Algeria       | 313.45        | 254.08        | 609.35        | 285.31        | 341.36        | 170.16        | 870.14        | 56            | ...           | 4.564348      | 2.708050      | 1             | 0             | 0             |  0.70164311   | 79.9359       | 0.001822458   | 0.7359829     | High          | \n",
       "| 1997-01-01    | South Africa  | 313.45        | 254.08        | 609.35        | 285.31        | 341.36        | 170.16        | 870.14        | 79            | ...           | 3.526361      | 3.526361      | 0             | 0             | 0             |  0.98816890   | 79.9359       | 0.001837309   | 0.7371534     | High          | \n",
       "| 1997-01-01    | Uganda        | 313.45        | 254.08        | 609.35        | 285.31        | 341.36        | 170.16        | 870.14        | 53            | ...           | 5.267858      | 2.197225      | 1             | 0             | 0             |  0.07549572   | 79.9359       | 0.001940203   | 0.7469584     | High          | \n",
       "| 1997-01-01    | Guinea Bissau | 313.45        | 254.08        | 609.35        | 285.31        | 341.36        | 170.16        | 870.14        | 58            | ...           | 5.272999      | 3.401197      | 0             | 0             | 0             |  0.04635003   | 79.9359       | 0.002256377   | 0.7715377     | High          | \n",
       "| 1997-01-01    | Liberia       | 313.45        | 254.08        | 609.35        | 285.31        | 341.36        | 170.16        | 870.14        | 58            | ...           | 4.343805      | 4.343805      | 0             | 0             | 0             | -0.27843896   | 79.9359       | 0.002272123   | 0.7725644     | High          | \n",
       "\n",
       "\n"
      ],
      "text/plain": [
       "  date       country       commodities commodities_excl_energy energy minerals\n",
       "1 1997-01-01 Angola        313.45      254.08                  609.35 285.31  \n",
       "2 1997-01-01 Algeria       313.45      254.08                  609.35 285.31  \n",
       "3 1997-01-01 South Africa  313.45      254.08                  609.35 285.31  \n",
       "4 1997-01-01 Uganda        313.45      254.08                  609.35 285.31  \n",
       "5 1997-01-01 Guinea Bissau 313.45      254.08                  609.35 285.31  \n",
       "6 1997-01-01 Liberia       313.45      254.08                  609.35 285.31  \n",
       "  forestry agriculture fish   age ... loss     irregular prev_conflict pt_suc\n",
       "1 341.36   170.16      870.14 55  ... 5.545177 3.970292  1             0     \n",
       "2 341.36   170.16      870.14 56  ... 4.564348 2.708050  1             0     \n",
       "3 341.36   170.16      870.14 79  ... 3.526361 3.526361  0             0     \n",
       "4 341.36   170.16      870.14 53  ... 5.267858 2.197225  1             0     \n",
       "5 341.36   170.16      870.14 58  ... 5.272999 3.401197  0             0     \n",
       "6 341.36   170.16      870.14 58  ... 4.343805 4.343805  0             0     \n",
       "  pt_attempt precip      global_policy_uncertainty_current couprisk   \n",
       "1 0          -0.41474915 79.9359                           0.001705101\n",
       "2 0           0.70164311 79.9359                           0.001822458\n",
       "3 0           0.98816890 79.9359                           0.001837309\n",
       "4 0           0.07549572 79.9359                           0.001940203\n",
       "5 0           0.04635003 79.9359                           0.002256377\n",
       "6 0          -0.27843896 79.9359                           0.002272123\n",
       "  pctile_risk relative_risk_classification\n",
       "1 0.7225125   High                        \n",
       "2 0.7359829   High                        \n",
       "3 0.7371534   High                        \n",
       "4 0.7469584   High                        \n",
       "5 0.7715377   High                        \n",
       "6 0.7725644   High                        "
      ]
     },
     "metadata": {},
     "output_type": "display_data"
    }
   ],
   "source": [
    "head(coups)"
   ]
  },
  {
   "cell_type": "markdown",
   "metadata": {},
   "source": [
    "*Next you need to lop off year, using the format function. Just put the variable name in, specify that you just want the year, and then stick into your new variable named Year.* "
   ]
  },
  {
   "cell_type": "code",
   "execution_count": 13,
   "metadata": {},
   "outputs": [],
   "source": [
    "coups$Year <- format(coups$date, \"%Y\")"
   ]
  },
  {
   "cell_type": "code",
   "execution_count": 14,
   "metadata": {},
   "outputs": [
    {
     "data": {
      "text/html": [
       "<table>\n",
       "<thead><tr><th scope=col>date</th><th scope=col>country</th><th scope=col>commodities</th><th scope=col>commodities_excl_energy</th><th scope=col>energy</th><th scope=col>minerals</th><th scope=col>forestry</th><th scope=col>agriculture</th><th scope=col>fish</th><th scope=col>age</th><th scope=col>...</th><th scope=col>irregular</th><th scope=col>prev_conflict</th><th scope=col>pt_suc</th><th scope=col>pt_attempt</th><th scope=col>precip</th><th scope=col>global_policy_uncertainty_current</th><th scope=col>couprisk</th><th scope=col>pctile_risk</th><th scope=col>relative_risk_classification</th><th scope=col>Year</th></tr></thead>\n",
       "<tbody>\n",
       "\t<tr><td>1997-01-01   </td><td>Angola       </td><td>313.45       </td><td>254.08       </td><td>609.35       </td><td>285.31       </td><td>341.36       </td><td>170.16       </td><td>870.14       </td><td>55           </td><td>...          </td><td>3.970292     </td><td>1            </td><td>0            </td><td>0            </td><td>-0.41474915  </td><td>79.9359      </td><td>0.001705101  </td><td>0.7225125    </td><td>High         </td><td>1997         </td></tr>\n",
       "\t<tr><td>1997-01-01   </td><td>Algeria      </td><td>313.45       </td><td>254.08       </td><td>609.35       </td><td>285.31       </td><td>341.36       </td><td>170.16       </td><td>870.14       </td><td>56           </td><td>...          </td><td>2.708050     </td><td>1            </td><td>0            </td><td>0            </td><td> 0.70164311  </td><td>79.9359      </td><td>0.001822458  </td><td>0.7359829    </td><td>High         </td><td>1997         </td></tr>\n",
       "\t<tr><td>1997-01-01   </td><td>South Africa </td><td>313.45       </td><td>254.08       </td><td>609.35       </td><td>285.31       </td><td>341.36       </td><td>170.16       </td><td>870.14       </td><td>79           </td><td>...          </td><td>3.526361     </td><td>0            </td><td>0            </td><td>0            </td><td> 0.98816890  </td><td>79.9359      </td><td>0.001837309  </td><td>0.7371534    </td><td>High         </td><td>1997         </td></tr>\n",
       "\t<tr><td>1997-01-01   </td><td>Uganda       </td><td>313.45       </td><td>254.08       </td><td>609.35       </td><td>285.31       </td><td>341.36       </td><td>170.16       </td><td>870.14       </td><td>53           </td><td>...          </td><td>2.197225     </td><td>1            </td><td>0            </td><td>0            </td><td> 0.07549572  </td><td>79.9359      </td><td>0.001940203  </td><td>0.7469584    </td><td>High         </td><td>1997         </td></tr>\n",
       "\t<tr><td>1997-01-01   </td><td>Guinea Bissau</td><td>313.45       </td><td>254.08       </td><td>609.35       </td><td>285.31       </td><td>341.36       </td><td>170.16       </td><td>870.14       </td><td>58           </td><td>...          </td><td>3.401197     </td><td>0            </td><td>0            </td><td>0            </td><td> 0.04635003  </td><td>79.9359      </td><td>0.002256377  </td><td>0.7715377    </td><td>High         </td><td>1997         </td></tr>\n",
       "\t<tr><td>1997-01-01   </td><td>Liberia      </td><td>313.45       </td><td>254.08       </td><td>609.35       </td><td>285.31       </td><td>341.36       </td><td>170.16       </td><td>870.14       </td><td>58           </td><td>...          </td><td>4.343805     </td><td>0            </td><td>0            </td><td>0            </td><td>-0.27843896  </td><td>79.9359      </td><td>0.002272123  </td><td>0.7725644    </td><td>High         </td><td>1997         </td></tr>\n",
       "</tbody>\n",
       "</table>\n"
      ],
      "text/latex": [
       "\\begin{tabular}{r|llllllllllllllllllllllllllllllllllllllllllll}\n",
       " date & country & commodities & commodities\\_excl\\_energy & energy & minerals & forestry & agriculture & fish & age & ... & irregular & prev\\_conflict & pt\\_suc & pt\\_attempt & precip & global\\_policy\\_uncertainty\\_current & couprisk & pctile\\_risk & relative\\_risk\\_classification & Year\\\\\n",
       "\\hline\n",
       "\t 1997-01-01    & Angola        & 313.45        & 254.08        & 609.35        & 285.31        & 341.36        & 170.16        & 870.14        & 55            & ...           & 3.970292      & 1             & 0             & 0             & -0.41474915   & 79.9359       & 0.001705101   & 0.7225125     & High          & 1997         \\\\\n",
       "\t 1997-01-01    & Algeria       & 313.45        & 254.08        & 609.35        & 285.31        & 341.36        & 170.16        & 870.14        & 56            & ...           & 2.708050      & 1             & 0             & 0             &  0.70164311   & 79.9359       & 0.001822458   & 0.7359829     & High          & 1997         \\\\\n",
       "\t 1997-01-01    & South Africa  & 313.45        & 254.08        & 609.35        & 285.31        & 341.36        & 170.16        & 870.14        & 79            & ...           & 3.526361      & 0             & 0             & 0             &  0.98816890   & 79.9359       & 0.001837309   & 0.7371534     & High          & 1997         \\\\\n",
       "\t 1997-01-01    & Uganda        & 313.45        & 254.08        & 609.35        & 285.31        & 341.36        & 170.16        & 870.14        & 53            & ...           & 2.197225      & 1             & 0             & 0             &  0.07549572   & 79.9359       & 0.001940203   & 0.7469584     & High          & 1997         \\\\\n",
       "\t 1997-01-01    & Guinea Bissau & 313.45        & 254.08        & 609.35        & 285.31        & 341.36        & 170.16        & 870.14        & 58            & ...           & 3.401197      & 0             & 0             & 0             &  0.04635003   & 79.9359       & 0.002256377   & 0.7715377     & High          & 1997         \\\\\n",
       "\t 1997-01-01    & Liberia       & 313.45        & 254.08        & 609.35        & 285.31        & 341.36        & 170.16        & 870.14        & 58            & ...           & 4.343805      & 0             & 0             & 0             & -0.27843896   & 79.9359       & 0.002272123   & 0.7725644     & High          & 1997         \\\\\n",
       "\\end{tabular}\n"
      ],
      "text/markdown": [
       "\n",
       "date | country | commodities | commodities_excl_energy | energy | minerals | forestry | agriculture | fish | age | ... | irregular | prev_conflict | pt_suc | pt_attempt | precip | global_policy_uncertainty_current | couprisk | pctile_risk | relative_risk_classification | Year | \n",
       "|---|---|---|---|---|---|\n",
       "| 1997-01-01    | Angola        | 313.45        | 254.08        | 609.35        | 285.31        | 341.36        | 170.16        | 870.14        | 55            | ...           | 3.970292      | 1             | 0             | 0             | -0.41474915   | 79.9359       | 0.001705101   | 0.7225125     | High          | 1997          | \n",
       "| 1997-01-01    | Algeria       | 313.45        | 254.08        | 609.35        | 285.31        | 341.36        | 170.16        | 870.14        | 56            | ...           | 2.708050      | 1             | 0             | 0             |  0.70164311   | 79.9359       | 0.001822458   | 0.7359829     | High          | 1997          | \n",
       "| 1997-01-01    | South Africa  | 313.45        | 254.08        | 609.35        | 285.31        | 341.36        | 170.16        | 870.14        | 79            | ...           | 3.526361      | 0             | 0             | 0             |  0.98816890   | 79.9359       | 0.001837309   | 0.7371534     | High          | 1997          | \n",
       "| 1997-01-01    | Uganda        | 313.45        | 254.08        | 609.35        | 285.31        | 341.36        | 170.16        | 870.14        | 53            | ...           | 2.197225      | 1             | 0             | 0             |  0.07549572   | 79.9359       | 0.001940203   | 0.7469584     | High          | 1997          | \n",
       "| 1997-01-01    | Guinea Bissau | 313.45        | 254.08        | 609.35        | 285.31        | 341.36        | 170.16        | 870.14        | 58            | ...           | 3.401197      | 0             | 0             | 0             |  0.04635003   | 79.9359       | 0.002256377   | 0.7715377     | High          | 1997          | \n",
       "| 1997-01-01    | Liberia       | 313.45        | 254.08        | 609.35        | 285.31        | 341.36        | 170.16        | 870.14        | 58            | ...           | 4.343805      | 0             | 0             | 0             | -0.27843896   | 79.9359       | 0.002272123   | 0.7725644     | High          | 1997          | \n",
       "\n",
       "\n"
      ],
      "text/plain": [
       "  date       country       commodities commodities_excl_energy energy minerals\n",
       "1 1997-01-01 Angola        313.45      254.08                  609.35 285.31  \n",
       "2 1997-01-01 Algeria       313.45      254.08                  609.35 285.31  \n",
       "3 1997-01-01 South Africa  313.45      254.08                  609.35 285.31  \n",
       "4 1997-01-01 Uganda        313.45      254.08                  609.35 285.31  \n",
       "5 1997-01-01 Guinea Bissau 313.45      254.08                  609.35 285.31  \n",
       "6 1997-01-01 Liberia       313.45      254.08                  609.35 285.31  \n",
       "  forestry agriculture fish   age ... irregular prev_conflict pt_suc pt_attempt\n",
       "1 341.36   170.16      870.14 55  ... 3.970292  1             0      0         \n",
       "2 341.36   170.16      870.14 56  ... 2.708050  1             0      0         \n",
       "3 341.36   170.16      870.14 79  ... 3.526361  0             0      0         \n",
       "4 341.36   170.16      870.14 53  ... 2.197225  1             0      0         \n",
       "5 341.36   170.16      870.14 58  ... 3.401197  0             0      0         \n",
       "6 341.36   170.16      870.14 58  ... 4.343805  0             0      0         \n",
       "  precip      global_policy_uncertainty_current couprisk    pctile_risk\n",
       "1 -0.41474915 79.9359                           0.001705101 0.7225125  \n",
       "2  0.70164311 79.9359                           0.001822458 0.7359829  \n",
       "3  0.98816890 79.9359                           0.001837309 0.7371534  \n",
       "4  0.07549572 79.9359                           0.001940203 0.7469584  \n",
       "5  0.04635003 79.9359                           0.002256377 0.7715377  \n",
       "6 -0.27843896 79.9359                           0.002272123 0.7725644  \n",
       "  relative_risk_classification Year\n",
       "1 High                         1997\n",
       "2 High                         1997\n",
       "3 High                         1997\n",
       "4 High                         1997\n",
       "5 High                         1997\n",
       "6 High                         1997"
      ]
     },
     "metadata": {},
     "output_type": "display_data"
    }
   ],
   "source": [
    "head(coups)"
   ]
  },
  {
   "cell_type": "markdown",
   "metadata": {},
   "source": [
    "*Now that you have a new variable you can work with, you will want to test assumptions, to make sure repeated measures ANOVA is right for you!*"
   ]
  },
  {
   "cell_type": "markdown",
   "metadata": {},
   "source": [
    "## Testing Assumptions"
   ]
  },
  {
   "cell_type": "markdown",
   "metadata": {},
   "source": [
    "### Normality"
   ]
  },
  {
   "cell_type": "code",
   "execution_count": 20,
   "metadata": {},
   "outputs": [
    {
     "data": {
