##
## This file contains the sample code from Butrey and Whitaker (2017).
## R's responses are preceded by ##.
##
## =====================
## Chapter 1 
## =====================
3 / 2
## [1] 1.5

3/
2
## [1] 1.5

a <- 1
a.1 <- 1
2a <- 1
## Error: unexpected symbol in "2a"
a 2 <- 1
## Error: unexpected numeric constant in "a 2"

sin (log (34))
## [1] -0.375344

1/49 * 49
## [1] 1                        # as expected
1 - (1/49 * 49)
## [1] 1.110223e-16
(49 * 1/49) == (1/49 * 49) # should be TRUE
## [1] FALSE

sqrt (pi)
## [1] 1.772454



## Chapter 2 
## =====================
5
## [1] 5

c(1, 17)
## [1]  1 17
c(-1, pi, 17)
## [1] -1.000000  3.141593 17.000000
c(-1, pi, 1700000)
## [1] -1.000000e+00  3.141593e+00  1.700000e+06

rep (c(2, 4), 3)              # repeat a vector
## [1] 2 4 2 4 2 4
rep (c("Yes", "No"), c(3, 1)) # repeat elements of vector
## [1] "Yes" "Yes" "Yes" "No" 
rep (c("Yes", "No"), each = 8)
##  [1] "Yes" "Yes" "Yes" "Yes" "Yes" "Yes" "Yes" "Yes" "No" 
## [10] "No"  "No"  "No"  "No"  "No"  "No"  "No" 

1:5
## [1] 1 2 3 4 5
6:-2
## [1]  6  5  4  3  2  1  0 -1 -2 # Can go in reverse, by 1
2.3:5.9
## [1] 2.3 3.3 4.3 5.3            # Permitted (but unusual)
3 + 2:7                      # Watch out here! This is 3 +
## [1]  5  6  7  8  9 10          # (vector produced by 2:7)
(3 + 2):7
## [1] 5 6 7                      # This is 5:7

101:105 >= 102                # Which elements are >= 102?
## [1] FALSE  TRUE  TRUE  TRUE  TRUE
101:105 == 104                # Which equal (==) 104?
## [1] FALSE FALSE FALSE  TRUE FALSE

1 - 1/46:50 * 46:50 == 0
## [1]  TRUE  TRUE  TRUE FALSE  TRUE

101:105 >= 102
## [1] FALSE  TRUE  TRUE  TRUE  TRUE
sum (101:105 >= 102)
## [1] 4                            # Four elements are >= 102
101:105 == 104
## [1] FALSE FALSE FALSE  TRUE FALSE
mean (101:105 == 104)
## [1] 0.2                          # 20% are == 104

5:10
## [1]  5  6  7  8  9 10
(5:10) + 4
## [1]  9 10 11 12 13 14
(5:10)^2                      # Square each element;
## [1]  25  36  49  64  81 100     # parentheses necessary

(thing1 <- c(20, 15, 10, 5, 0)^2)
## [1] 400 225 100  25   0
(thing2 <- 105:101)
## [1] 105 104 103 102 101
thing2 + thing1
## [1] 505 329 203 127 101
thing2 / thing1
## [1] 0.2625000 0.4622222 1.0300000 4.0800000       Inf

max (thing2, thing1)
## [1] 400
pmax (thing2, thing1)
## [1] 400 225 103 102 101

5:10 + c(0, 10, 100, 1000, 10000, 100000)  # Two 6-vectors
## [1]   5  16   107  1008  10009 100010 # Add by element
5:10 + c(1, 10, 100)         # A 6-vector and a 3-vector
## [1]   6  16   107 9  19 110    # The 3-vector is replicated
5:10 + 3:7                   # A 6-vector and a 5-vector
## [1]  8 10 12 14 16 13          # 5+3, 6+4, ..., 9+7, 10+3
## Warning message:
 5:10 + 3:7 :
##   longer object length is not a multiple of shorter length

vec <- c(101, 102, 103)
names(vec)
## NULL
names(vec) <- c("a", "b", "Long name")
names(vec)
## [1] "a"         "b"         "Long name"

c(a = 101, b = 102, Long.name = 103)
##         a         b Long.name 
##       101       102       103 

c(1, 4, 7, 2, 5)      # Create numeric vector
## [1] 1 4 7 2 5
c(1, 4, 7, 2, 5, "3") # What if one element is character?
## [1] "1" "4" "7" "2" "5" "3"

1/7
## [1] 0.1428571           # by default, 7 digits are displayed
c(1/7, "a")
## [1] "0.142857142857143" "a"  

as.numeric (c(" 123.5  ", "-123e-2", "4,355", "45. 6",
##                 "$23", "75%"))
## [1] 123.50  -1.23     NA     NA     NA     NA
## Warning message:
## NAs introduced by coercion 

as.logical (c(123, 5 - 5, 1e-300, 1e-400, 1 - 1/49 * 49))
## [1]  TRUE FALSE  TRUE FALSE  TRUE

(a <- 101:105)
## [1] 101 102 103 104 105
a[3]
## [1] 103

a[c(4, 2)]
## [1] 104 102
a[1+1]                # A simple expression; this works
## [1] 102
a[2.999999999999999]  # This is truncated to 3, but...
## [1] 102
a[2.9999999999999999] # exactly 3 in double-precision.
## [1] 103
a[49 * (1/49)]        # This index gets truncated to zero;
## integer (0)             # R produces a vector of length zero

a[-2]             # Omit element 2
## [1] 101 103 104 105
a[c(-1, 3)]       # Illegal
## Error in a[c(-1, 3)] : only 0's may be mixed
##     with negative subscripts
a[-1:2]   # Illegal, because -1:2 evaluates to -1, 0, 1, 2
## Error in a[-1:2] : only 0's may be mixed
##     with negative subscripts
a[-(1:2)] # -(1:2) is (-1, -2): omit elements 1 and 2.
## [1] 103 104 105

age <- c(53, 26, 81, 18, 63, 34)
age > 60
## [1] FALSE FALSE  TRUE FALSE  TRUE FALSE
age[age > 60]
## [1] 81 63

people <- c("Ahmed", "Mary", "Lee", "Alex", "John", "Viv")
age > 60            # Just as a reminder
## [1] FALSE FALSE  TRUE FALSE  TRUE FALSE
people[age > 60]    # Return name where (age > 60) is TRUE
## [1] "Lee"  "John"

age.gt.60  <- age > 60
people[age.gt.60]
## [1] "Lee"  "John" # as expected
people[0 + age.gt.60]
## [1] "Ahmed" "Ahmed"
people[-age.gt.60]
## [1] "Mary"   "Lee"    "Alex"   "John"   "Viv"

(vec <- c(a = 12, b = 34, c = -1))
##  a  b  c 
## 12 34 -1 
vec["b"]
##  b 
## 34 
vec[names (vec) != "a"]
##  b  c 
## 34 -1 

(b <- c(101, 102, 103, 104))
## [1] 101 102 103 104
a <- b[b < 99] # Reasonable, but no elements of b are < 99
a
## numeric(0)       # a has length 0

sum (a)
## [1] 0            # Possibly unexpected
sum (a + 12345)
## [1] 0            # Definitely unexpected
if (a < 2) cat ("yes\n")
## Error in if (a < 2) cat("yes\n") : argument is length zero

(a <- c(101, 102, -99, 104, -99, 9106)) # last item should
## [1]  101  102  -99  104  -99 9106         # have been 106
a[6] <- 106               # numeric subscript
a
## [1] 101 102 -99 104 -99 106
a[a < 0] <- 9999          # logical subscript
a
## [1]  101  102 9999  104 9999  106

b <- c("A", "missing", "C", "D")
names (b) <- c("Red", "White", "Blue", "Green")
b
##       Red     White      Blue     Green 
##       "A" "missing"       "C"       "D" 
b["White"] <- "B"         # name subscript
b
##   Red White  Blue Green 
##   "A"   "B"   "C"   "D" 

a <- 101:103
b <- c(7, 2, 1, 15)
c(a, b)                    # Combine two vectors
## [1] 101 102 103   7   2   1  15
a                          # Unchanged; no assignment made
## [1] 101 102 103
a[4:7] <- b                # index non-existent values
a
## [1] 101 102 103   7   2   1  15
b
## [1]  7  2  1 15
b[6] <- 22                 # index non-existent value
b
## [1]  7  2  1 15 NA 22        # b[5] filled in with NA

(nax <- c(101, 102, NA, 104))
## [1] 101 102  NA 104
nax * 2                # Arithmetic on NAs produce NAs....
## [1] 202 204  NA 208
nax >= 102             # ...as do logical ones
## [1] FALSE  TRUE    NA  TRUE
mean (nax)             # One NA affects the computation
## [1] NA
mean (nax, na.rm=TRUE) # na.rm=TRUE excludes NAs
## [1] 102.3333
is.na (nax)            # Locate NAs with logical vector
## [1] FALSE FALSE  TRUE FALSE
which (is.na (nax))    # Numeric indices of NAs
## [1] 3

nax[!is.na (nax)]      # Return the non-missing values
## [1] 101 102 104
(nay <- na.omit (nax)) # This keeps track of deleted ones
## [1] 101 102 104
## attr(,"na.action")
## [1] 3
## attr(,"class")
## [1] "omit"

(b <- c(101, 102, 103, 104))
## [1] 101 102 103 104
(a <- c(1, 2, NA, 4))
## [1]  1  2 NA  4
b[!is.na (a) & a == 2] # We probably want this...
## [1] 102
b[a == 2]              # ...and not this.
## [1] 102  NA

b[a[2]]                # a[2] = 2; extract element 2 of b
## [1] 102                  # ... which is 102
b[a[3]]                # a[3] is NA
## [1] NA
(a <- as.logical (a))  # Now convert a to logical
## [1] TRUE TRUE   NA TRUE
b[a[3]]                # a[3] is NA
## [1] NA NA NA NA

